(module PhoenixContact_1017492_1x03_P5.08mm (layer F.Cu) (tedit 63D6CE34)
  (tags connector)
  (fp_text reference REF** (at 0 17.78) (layer F.SilkS)
    (effects (font (size 1 1) (thickness 0.15)))
  )
  (fp_text value PhoenixContact_1017492_1x03_P5.08mm (at 0 5.08) (layer F.Fab)
    (effects (font (size 1 1) (thickness 0.15)))
  )
  (fp_poly (pts (xy 5.715 13.97) (xy 4.445 13.97) (xy 5.08 12.7)) (layer F.SilkS) (width 0.1))
  (fp_poly (pts (xy -4.445 13.97) (xy -5.715 13.97) (xy -5.08 12.7)) (layer F.SilkS) (width 0.1))
  (fp_poly (pts (xy 0.635 13.97) (xy -0.635 13.97) (xy 0 12.7)) (layer F.SilkS) (width 0.1))
  (fp_line (start -8.17 -2.45) (end -8.17 15.75) (layer F.SilkS) (width 0.12))
  (fp_line (start 8.17 -2.45) (end 8.17 15.75) (layer F.SilkS) (width 0.12))
  (fp_line (start -8.17 15.75) (end 8.17 15.75) (layer F.SilkS) (width 0.12))
  (fp_line (start -8.17 -2.45) (end 8.17 -2.45) (layer F.SilkS) (width 0.12))
  (fp_poly (pts (xy 5.715 13.97) (xy 4.445 13.97) (xy 5.08 12.7)) (layer F.Fab) (width 0.1))
  (fp_poly (pts (xy 0.635 13.97) (xy -0.635 13.97) (xy 0 12.7)) (layer F.Fab) (width 0.1))
  (fp_poly (pts (xy -4.445 13.97) (xy -5.715 13.97) (xy -5.08 12.7)) (layer F.Fab) (width 0.1))
  (fp_line (start -8.02 -2.25) (end -8.02 15.75) (layer F.Fab) (width 0.12))
  (fp_line (start 8.02 15.75) (end 8.02 -2.25) (layer F.Fab) (width 0.12))
  (fp_line (start -8.02 15.75) (end 8.02 15.75) (layer F.Fab) (width 0.12))
  (fp_line (start -8.02 -2.25) (end 8.02 -2.25) (layer F.Fab) (width 0.12))
  (fp_line (start 8.17 15.75) (end 8.17 -2.45) (layer F.CrtYd) (width 0.05))
  (fp_line (start -8.17 -2.45) (end -8.17 15.75) (layer F.CrtYd) (width 0.05))
  (fp_line (start -8.17 -2.45) (end 8.17 -2.45) (layer F.CrtYd) (width 0.05))
  (fp_line (start -8.17 15.75) (end 8.17 15.75) (layer F.CrtYd) (width 0.05))
  (fp_text user REF** (at 0 7.5) (layer F.Fab)
    (effects (font (size 1 1) (thickness 0.15)))
  )
  (pad 1 thru_hole circle (at -5.08 0) (size 2.54 2.54) (drill 1.4) (layers *.Cu *.Mask))
  (pad 2 thru_hole circle (at 0 0) (size 2.54 2.54) (drill 1.4) (layers *.Cu *.Mask))
  (pad 3 thru_hole circle (at 5.08 0) (size 2.54 2.54) (drill 1.4) (layers *.Cu *.Mask))
  (pad 1 thru_hole circle (at -5.08 8.7) (size 2.54 2.54) (drill 1.4) (layers *.Cu *.Mask))
  (pad 2 thru_hole circle (at 0 8.7) (size 2.54 2.54) (drill 1.4) (layers *.Cu *.Mask))
  (pad 3 thru_hole circle (at 5.08 8.7) (size 2.54 2.54) (drill 1.4) (layers *.Cu *.Mask))
  (model ${VALTRONIX_3D}/Connector_PhoenixContact.3dshapes/pxc_1017492_00_TDPT-2-5-3-SC-5-08_3D.stp
    (offset (xyz -8 -14.25 0))
    (scale (xyz 1 1 1))
    (rotate (xyz 0 0 0))
  )
)
